3333333333333333333333333333333333333333333333333333333333333333
3333333333333333333333333333333333333333333333333333333333333333
3333333333333333333333333333333333333333333333333333333333333333
3333333333333333333333333333333333333333333333333333333333333333
3333333333333333333333333333333333333333333333333333333333333333
3333333333333333333333333333333333333333333333333333333333333333
3333333333333333333333333333333333333333333333333333333333333333
3333333333333333333333333333333333333333333333333333333333333333
3333333333333333333333333333333333333333333333333333333333333333
3333333333333333333333333333333333333333333333333333333333333333
3333333333333333333333333333333333333333333333333333333333333333
3333333333333333333333333333333333333333333333333333333333333333
3333333333333333333333333333333333333333333333333333333333333333
3333333333333333333333333333333333333333333333333333333333333333
3333333333333333333333333333333333333333333333333333333333333333
3333333333333333333333333333333333333333333333333333333333333333
3333333333333333333333333333333333333333333333333333333333333333
3333333333333333333333333333333333333333333333333333333333333333
3333333333333333333333333333333333333333333333333333333333333333
3333333333333333333333333333333333333333333333333333333333333333
3333333333333333333333333333333333333333333333333333333333333333
3333333333333333333333333333333333333333333333333333333333333333
3333333333333333333333333333333333333333333333333333333333333333
3333333333333333333333333333333333333333333333333333333333333333
3333333333333333333333333333333333333333333333333333333333333333
3333333333333333333333333333333333333333333333333333333333333333
3333333333333333333333333333333333333333333333333333333333333333
3333333333333333333333333333333333333333333333333333333333335533
3333333333333333333333333333333333333333333333333333333333335533
3333333333333333333333333333333333333333333333333333333333335533
3333333333333333333333333333333333333333333333333333333333335533
3333333333333333333333333333333333333333333333333333333333335533
3333333333333333333333333333333333333333333333333333333333335533
3333333333333333333333333333333333333333333333333333333333335533
3333333333333333333333333333333333333333333333333333333333335533
3333333333333333333333333333333333333333333333333333333333335533
3333333333333333333333333333333333333333333333333333333333335533
3333333333333333333333333333333333333333333333333333333333335533
3333333333333333333333333333333333333333333333333333333333335533
3333333333333333333333333333333333333333333333333333333333335533
3333333333333333333333333333333333333333333333333333333333335533
3333333333333333333333333333333333333333333333333333333333335533
3333333333333333333333333333333333333333333333333333333333335533
3333333333333333333333333333333333333333333333333333333333335533
3333333333333333333333333333333333333333333333333333333333335533
3333333333333333333333333333333333333333333333333333333333335533
3333333333333333333333333333333333333333333333333333333333335533
3333333333333333333333333333333333333333333333333333333333333333
3333333333333333333333333333333333333333333333333333333333333333
3333333333333333333333333333333333333333333333333333333333333333
3333333333333333333333333333333333333333333333333333333333333333
3333333333333333333333333333333333333333333333333333333333333333
3333333333333333333333333333333333333333333333333333333333333333
3333333333333333333333333333333333333333333333333333333333333333
3333333333333333333333333333333333333333333333333333333333333333
3333333333333333333333333333333333333333333333333333333333333333
3333333333333333333333333333333333333333333333333333333333333333
3333333333333333333333333333333333333333333333333333333333333333
3333333333333333333333333333333333333333333333333333333333333333
3333333333333333333333333333333333333333333333333333333333333333
3333333333333333333333333333333333333333333333333333333333333333
3333333333333333333333333333333333333333333333333333333333333333
3333333333333333333333333333333333333333333333333333333333333333
3333333333333333333333333333333333333333333333333333333333333333
