3333333300000000000000000000000000000000000000000000000000000000
3333333300000000000000000000000000000000000000000000000000000000
3333333300000000000000000000000000000000000000000000000000000000
3333333300000000000000000000000000000000000000000000000000000000
3333333300000000000000000000000000000000000000000000000000000000
3333333300000000000000000000000000000000000000000000000000000000
3333333300000000000000000000000000000000000000000000000000000000
3333333300000000000000000000000000000000000000000000000000000000
3333333300000000000000000000000000000000000000000000000000000000
3333333300000000000000000000000000000000000000000000000000000000
3333333300000000000000000000000000000000000000000000000000000000
3333333300000000000000000000000000000000000000000000000000000000
3333333300000000000000000000000000000000000000000000000000000000
3333333300000000000000000000000000000000000000000000000000000000
3333333300000000000000000000000000000000000000000000000000000000
3333333300000000000000000000000000000000000000000000000000000000
3333333300000000000000000000000000000000000000000000000000000000
3333333300000000000000000000000000000000000000000000000000000000
3333333300000000000000000000000000000000000000000000000000000000
3333333300000000000000000000000000000000000000000000000000000000
3333333300000000000000000000000000000000000000000000000000000000
3333333300000000000000000000000000000000000000000000000000000000
3333333300000000000000000000000000000000000000000000000000000000
3333333300000000000000000000000000000000000000000000000000000000
3333333300000000000000000000000000000000000000000000000000000000
3333333300000000000000000000000000000000000000000000000000000000
3333333300000000000000000000000000000000000000000000000000000000
3333553300000000000000000000000000000000000000000000000000000000
3333553300000000000000000000000000000000000000000000000000000000
3333553300000000000000000000000000000000000000000000000000000000
3333553300000000000000000000000000000000000000000000000000000000
3333553300000000000000000000000000000000000000000000000000000000
3333553300000000000000000000000000000000000000000000000000000000
3333553300000000000000000000000000000000000000000000000000000000
3333553300000000000000000000000000000000000000000000000000000000
3333553300000000000000000000000000000000000000000000000000000000
3333553300000000000000000000000000000000000000000000000000000000
3333553300000000000000000000000000000000000000000000000000000000
3333553300000000000000000000000000000000000000000000000000000000
3333553300000000000000000000000000000000000000000000000000000000
3333553300000000000000000000000000000000000000000000000000000000
3333553300000000000000000000000000000000000000000000000000000000
3333553300000000000000000000000000000000000000000000000000000000
3333553300000000000000000000000000000000000000000000000000000000
3333553300000000000000000000000000000000000000000000000000000000
3333553300000000000000000000000000000000000000000000000000000000
3333553300000000000000000000000000000000000000000000000000000000
3333333300000000000000000000000000000000000000000000000000000000
3333333300000000000000000000000000000000000000000000000000000000
3333333300000000000000000000000000000000000000000000000000000000
3333333300000000000000000000000000000000000000000000000000000000
3333333300000000000000000000000000000000000000000000000000000000
3333333300000000000000000000000000000000000000000000000000000000
3333333300000000000000000000000000000000000000000000000000000000
3333333300000000000000000000000000000000000000000000000000000000
3333333300000000000000000000000000000000000000000000000000000000
3333333300000000000000000000000000000000000000000000000000000000
3333333300000000000000000000000000000000000000000000000000000000
3333333300000000000000000000000000000000000000000000000000000000
3333333300000000000000000000000000000000000000000000000000000000
3333333300000000000000000000000000000000000000000000000000000000
3333333300000000000000000000000000000000000000000000000000000000
3333333300000000000000000000000000000000000000000000000000000000
3333333300000000000000000000000000000000000000000000000000000000
