3333000000000000000000000000000000000000000000000000000000000000
3333000000000000000000000000000000000000000000000000000000000000
3333000000000000000000000000000000000000000000000000000000000000
3333000000000000000000000000000000000000000000000000000000000000
3333000000000000000000000000000000000000000000000000000000000000
3333000000000000000000000000000000000000000000000000000000000000
3333000000000000000000000000000000000000000000000000000000000000
3333000000000000000000000000000000000000000000000000000000000000
3333000000000000000000000000000000000000000000000000000000000000
3333000000000000000000000000000000000000000000000000000000000000
3333000000000000000000000000000000000000000000000000000000000000
3333000000000000000000000000000000000000000000000000000000000000
3333000000000000000000000000000000000000000000000000000000000000
3333000000000000000000000000000000000000000000000000000000000000
3333000000000000000000000000000000000000000000000000000000000000
3333000000000000000000000000000000000000000000000000000000000000
3333000000000000000000000000000000000000000000000000000000000000
3333000000000000000000000000000000000000000000000000000000000000
3333000000000000000000000000000000000000000000000000000000000000
3333000000000000000000000000000000000000000000000000000000000000
3333000000000000000000000000000000000000000000000000000000000000
3333000000000000000000000000000000000000000000000000000000000000
3333000000000000000000000000000000000000000000000000000000000000
3333000000000000000000000000000000000000000000000000000000000000
3333000000000000000000000000000000000000000000000000000000000000
3333000000000000000000000000000000000000000000000000000000000000
3333000000000000000000000000000000000000000000000000000000000000
5533000000000000000000000000000000000000000000000000000000000000
5533000000000000000000000000000000000000000000000000000000000000
5533000000000000000000000000000000000000000000000000000000000000
5533000000000000000000000000000000000000000000000000000000000000
5533000000000000000000000000000000000000000000000000000000000000
5533000000000000000000000000000000000000000000000000000000000000
5533000000000000000000000000000000000000000000000000000000000000
5533000000000000000000000000000000000000000000000000000000000000
5533000000000000000000000000000000000000000000000000000000000000
5533000000000000000000000000000000000000000000000000000000000000
5533000000000000000000000000000000000000000000000000000000000000
5533000000000000000000000000000000000000000000000000000000000000
5533000000000000000000000000000000000000000000000000000000000000
5533000000000000000000000000000000000000000000000000000000000000
5533000000000000000000000000000000000000000000000000000000000000
5533000000000000000000000000000000000000000000000000000000000000
5533000000000000000000000000000000000000000000000000000000000000
5533000000000000000000000000000000000000000000000000000000000000
5533000000000000000000000000000000000000000000000000000000000000
5533000000000000000000000000000000000000000000000000000000000000
3333000000000000000000000000000000000000000000000000000000000000
3333000000000000000000000000000000000000000000000000000000000000
3333000000000000000000000000000000000000000000000000000000000000
3333000000000000000000000000000000000000000000000000000000000000
3333000000000000000000000000000000000000000000000000000000000000
3333000000000000000000000000000000000000000000000000000000000000
3333000000000000000000000000000000000000000000000000000000000000
3333000000000000000000000000000000000000000000000000000000000000
3333000000000000000000000000000000000000000000000000000000000000
3333000000000000000000000000000000000000000000000000000000000000
3333000000000000000000000000000000000000000000000000000000000000
3333000000000000000000000000000000000000000000000000000000000000
3333000000000000000000000000000000000000000000000000000000000000
3333000000000000000000000000000000000000000000000000000000000000
3333000000000000000000000000000000000000000000000000000000000000
3333000000000000000000000000000000000000000000000000000000000000
3333000000000000000000000000000000000000000000000000000000000000
