3333333333333333333300000000000000000000000000000000000000000000
3333333333333333333300000000000000000000000000000000000000000000
3333333333333333333300000000000000000000000000000000000000000000
3333333333333333333300000000000000000000000000000000000000000000
3333333333333333333300000000000000000000000000000000000000000000
3333333333333333333300000000000000000000000000000000000000000000
3333333333333333333300000000000000000000000000000000000000000000
3333333333333333333300000000000000000000000000000000000000000000
3333333333333333333300000000000000000000000000000000000000000000
3333333333333333333300000000000000000000000000000000000000000000
3333333333333333333300000000000000000000000000000000000000000000
3333333333333333333300000000000000000000000000000000000000000000
3333333333333333333300000000000000000000000000000000000000000000
3333333333333333333300000000000000000000000000000000000000000000
3333333333333333333300000000000000000000000000000000000000000000
3333333333333333333300000000000000000000000000000000000000000000
3333333333333333333300000000000000000000000000000000000000000000
3333333333333333333300000000000000000000000000000000000000000000
3333333333333333333300000000000000000000000000000000000000000000
3333333333333333333300000000000000000000000000000000000000000000
3333333333333333333300000000000000000000000000000000000000000000
3333333333333333333300000000000000000000000000000000000000000000
3333333333333333333300000000000000000000000000000000000000000000
3333333333333333333300000000000000000000000000000000000000000000
3333333333333333333300000000000000000000000000000000000000000000
3333333333333333333300000000000000000000000000000000000000000000
3333333333333333333300000000000000000000000000000000000000000000
3333333333333333553300000000000000000000000000000000000000000000
3333333333333333553300000000000000000000000000000000000000000000
3333333333333333553300000000000000000000000000000000000000000000
3333333333333333553300000000000000000000000000000000000000000000
3333333333333333553300000000000000000000000000000000000000000000
3333333333333333553300000000000000000000000000000000000000000000
3333333333333333553300000000000000000000000000000000000000000000
3333333333333333553300000000000000000000000000000000000000000000
3333333333333333553300000000000000000000000000000000000000000000
3333333333333333553300000000000000000000000000000000000000000000
3333333333333333553300000000000000000000000000000000000000000000
3333333333333333553300000000000000000000000000000000000000000000
3333333333333333553300000000000000000000000000000000000000000000
3333333333333333553300000000000000000000000000000000000000000000
3333333333333333553300000000000000000000000000000000000000000000
3333333333333333553300000000000000000000000000000000000000000000
3333333333333333553300000000000000000000000000000000000000000000
3333333333333333553300000000000000000000000000000000000000000000
3333333333333333553300000000000000000000000000000000000000000000
3333333333333333553300000000000000000000000000000000000000000000
3333333333333333333300000000000000000000000000000000000000000000
3333333333333333333300000000000000000000000000000000000000000000
3333333333333333333300000000000000000000000000000000000000000000
3333333333333333333300000000000000000000000000000000000000000000
3333333333333333333300000000000000000000000000000000000000000000
3333333333333333333300000000000000000000000000000000000000000000
3333333333333333333300000000000000000000000000000000000000000000
3333333333333333333300000000000000000000000000000000000000000000
3333333333333333333300000000000000000000000000000000000000000000
3333333333333333333300000000000000000000000000000000000000000000
3333333333333333333300000000000000000000000000000000000000000000
3333333333333333333300000000000000000000000000000000000000000000
3333333333333333333300000000000000000000000000000000000000000000
3333333333333333333300000000000000000000000000000000000000000000
3333333333333333333300000000000000000000000000000000000000000000
3333333333333333333300000000000000000000000000000000000000000000
3333333333333333333300000000000000000000000000000000000000000000
