3333333333333333333333333333333333330000000000000000000000000000
3333333333333333333333333333333333330000000000000000000000000000
3333333333333333333333333333333333330000000000000000000000000000
3333333333333333333333333333333333330000000000000000000000000000
3333333333333333333333333333333333330000000000000000000000000000
3333333333333333333333333333333333330000000000000000000000000000
3333333333333333333333333333333333330000000000000000000000000000
3333333333333333333333333333333333330000000000000000000000000000
3333333333333333333333333333333333330000000000000000000000000000
3333333333333333333333333333333333330000000000000000000000000000
3333333333333333333333333333333333330000000000000000000000000000
3333333333333333333333333333333333330000000000000000000000000000
3333333333333333333333333333333333330000000000000000000000000000
3333333333333333333333333333333333330000000000000000000000000000
3333333333333333333333333333333333330000000000000000000000000000
3333333333333333333333333333333333330000000000000000000000000000
3333333333333333333333333333333333330000000000000000000000000000
3333333333333333333333333333333333330000000000000000000000000000
3333333333333333333333333333333333330000000000000000000000000000
3333333333333333333333333333333333330000000000000000000000000000
3333333333333333333333333333333333330000000000000000000000000000
3333333333333333333333333333333333330000000000000000000000000000
3333333333333333333333333333333333330000000000000000000000000000
3333333333333333333333333333333333330000000000000000000000000000
3333333333333333333333333333333333330000000000000000000000000000
3333333333333333333333333333333333330000000000000000000000000000
3333333333333333333333333333333355330000000000000000000000000000
3333333333333333333333333333333355330000000000000000000000000000
3333333333333333333333333333333355330000000000000000000000000000
3333333333333333333333333333333355330000000000000000000000000000
3333333333333333333333333333333355330000000000000000000000000000
3333333333333333333333333333333355330000000000000000000000000000
3333333333333333333333333333333355330000000000000000000000000000
3333333333333333333333333333333355330000000000000000000000000000
3333333333333333333333333333333355330000000000000000000000000000
3333333333333333333333333333333355330000000000000000000000000000
3333333333333333333333333333333355330000000000000000000000000000
3333333333333333333333333333333355330000000000000000000000000000
3333333333333333333333333333333355330000000000000000000000000000
3333333333333333333333333333333355330000000000000000000000000000
3333333333333333333333333333333355330000000000000000000000000000
3333333333333333333333333333333355330000000000000000000000000000
3333333333333333333333333333333355330000000000000000000000000000
3333333333333333333333333333333355330000000000000000000000000000
3333333333333333333333333333333355330000000000000000000000000000
3333333333333333333333333333333355330000000000000000000000000000
3333333333333333333333333333333355330000000000000000000000000000
3333333333333333333333333333333333330000000000000000000000000000
3333333333333333333333333333333333330000000000000000000000000000
3333333333333333333333333333333333330000000000000000000000000000
3333333333333333333333333333333333330000000000000000000000000000
3333333333333333333333333333333333330000000000000000000000000000
3333333333333333333333333333333333330000000000000000000000000000
3333333333333333333333333333333333330000000000000000000000000000
3333333333333333333333333333333333330000000000000000000000000000
3333333333333333333333333333333333330000000000000000000000000000
3333333333333333333333333333333333330000000000000000000000000000
3333333333333333333333333333333333330000000000000000000000000000
3333333333333333333333333333333333330000000000000000000000000000
3333333333333333333333333333333333330000000000000000000000000000
3333333333333333333333333333333333330000000000000000000000000000
3333333333333333333333333333333333330000000000000000000000000000
3333333333333333333333333333333333330000000000000000000000000000
3333333333333333333333333333333333330000000000000000000000000000
